[
[[3, 3, 0.5489999999999999, 0.857357357357357, 0.39, 0.5195195195195195, 6]],

 [[2, 3, 0.3833333333333333, 0.5096153846153846, 0.19583333333333333, 0.37637362637362637, 14], 
 [3, 3, 0.5947916666666666, 0.9807692307692308, 0.6520833333333333, 0.7087912087912088, 12]], 
 
 [[5, 2, 0.6616766467065869, 0.10999999999999943, 0.7065868263473054, 0.54, 1], [5, 5, 0.9101796407185629, 0.040000000000000036, 0.31137724550898205, 0.56, 1], 
 [4, 0, 0.9640718562874252, 0.7460000000000004, 0.2634730538922156, 0.644, 1], [2, 1, 0.24700598802395213, 0.5899999999999999, 0.344311377245509, 0.736, 14], 
 [3, 2, 0.5778443113772456, 0.24800000000000022, 0.718562874251497, 0.92, 14], [3, 5, 0.8577844311377243, 0.4089999999999998, 0.3263473053892216, 0.97, 14]], 
 
 
 [[3, 2, 0.9889999999999999, 0.5420420420420418, 0.494, 0.26126126126126126, 6]], 
 
 [[3, 3, 0.35299999999999976, 0.2508896797153026, 0.542, 0.3736654804270463, 0],
  [2, 2, 0.31000000000000005, 0.6281138790035588, 0.128, 0.12455516014234876, 0], 
  [5, 2, 0.8559999999999999, 0.09430604982206425, 0.036, 0.17437722419928825, 14], 
  [5, 0, 0.49000000000000005, 0.3185053380782925, 0.036, 0.17437722419928825, 14]]]